
请根据提示和要求完成代码填空

题目要求：使用scikit-learn库加载鸢尾花（iris）数据集，显示第一行数据，显示每个数据的标签值
加载鸢尾花数据集
In [2]:

from sklearn import datasets
## 代码填充区
iris=datasets.load_iris()

查看鸢尾花数据集第一行数据并输出
In [7]:

##代码填充区
data1=iris.data[0]
print(data1)

[5.1 3.5 1.4 0.2]

输出鸢尾花数据集每个数据的标签值
In [10]:

## 代码填充区
print(iris.target)

[0 0 0 0 0 0 0 0 0 0 0 0 0 0 0 0 0 0 0 0 0 0 0 0 0 0 0 0 0 0 0 0 0 0 0 0 0
 0 0 0 0 0 0 0 0 0 0 0 0 0 1 1 1 1 1 1 1 1 1 1 1 1 1 1 1 1 1 1 1 1 1 1 1 1
 1 1 1 1 1 1 1 1 1 1 1 1 1 1 1 1 1 1 1 1 1 1 1 1 1 1 2 2 2 2 2 2 2 2 2 2 2
 2 2 2 2 2 2 2 2 2 2 2 2 2 2 2 2 2 2 2 2 2 2 2 2 2 2 2 2 2 2 2 2 2 2 2 2 2
 2 2]
