题目11_数据预处理

题目：对给定数据做预处理

请将各步骤中<None>处代码补充完整。
1、导入包

import numpy as np
import pandas as pd
import matplotlib.pyplot as plt

In [1]:

#请输入代码
import numpy as np
import pandas as pd
import matplotlib.pyplot as plt

2、读取数据集

data = pd.<None>('./DataSetReadOnly/ex2data1.txt', names=['Population', 'Profit'])
data.<None>()  #预览数据前5行

In [2]:

#请输入代码

data = pd.read_csv('./DataSetReadOnly/ex2data1.txt', names=['Population', 'Profit'])
data.head()  #预览数据前5行

Out [2]:
3、数据预处理

#在训练集中添加一列全1
data.insert(0, <None>, 1)
cols = data.shape[1]
#X是所有行，去掉最后一列
X = data.iloc[<None>]
#y是所有行，最后一列
y = data.iloc[<None>]
#将X y转化成numpy矩阵
X = np.matrix(X.values)
y = np.matrix(y.values)
#初始化theta(1,2)矩阵，即把theta所有元素都设置为0
theta = <None>
print(X)
print(y)
print(theta)

In [3]:

#请输入代码
data.insert(0, 'Ones', 1)
cols = data.shape[1]
#X是所有行，去掉最后一列
X = data.iloc[:,0:cols-1]
#y是所有行，最后一列
y = data.iloc[:,cols-1:cols]
#将X y转化成numpy矩阵
X = np.matrix(X.values)
y = np.matrix(y.values)
#初始化theta(1,2)矩阵，即把theta所有元素都设置为0
theta = np.zeros((1,2))
print(X)
print(y)
print(theta)

[[ 1.         78.02469282]
 [ 1.         43.89499752]
 [ 1.         72.90219803]
 [ 1.         86.3085521 ]
 [ 1.         75.34437644]
 [ 1.         56.31637178]
 [ 1.         96.51142588]
 [ 1.         46.55401354]
 [ 1.         87.42056972]
 [ 1.         43.53339331]
 [ 1.         38.22527806]
 [ 1.         30.60326323]
 [ 1.         76.4819633 ]
 [ 1.         97.71869196]
 [ 1.         76.03681085]
 [ 1.         89.20735014]
 [ 1.         52.74046973]
 [ 1.         46.67857411]
 [ 1.         92.92713789]
 [ 1.         47.57596365]
 [ 1.         42.83843832]
 [ 1.         65.79936593]
 [ 1.         48.85581153]
 [ 1.         44.2095286 ]
 [ 1.         68.97235999]
 [ 1.         69.95445795]
 [ 1.         44.82162893]
 [ 1.         38.80067034]
 [ 1.         50.25610789]
 [ 1.         64.99568096]
 [ 1.         72.80788731]
 [ 1.         57.05198398]
 [ 1.         63.12762377]
 [ 1.         69.43286012]
 [ 1.         71.16774802]
 [ 1.         52.21388588]
 [ 1.         98.86943574]
 [ 1.         80.90806059]
 [ 1.         41.57341523]
 [ 1.         75.23772034]
 [ 1.         56.30804622]
 [ 1.         46.85629026]
 [ 1.         65.56892161]
 [ 1.         40.61825516]
 [ 1.         45.82270146]
 [ 1.         52.06099195]
 [ 1.         70.4582    ]
 [ 1.         86.72782233]
 [ 1.         96.76882412]
 [ 1.         88.69629255]
 [ 1.         74.16311935]
 [ 1.         60.999031  ]
 [ 1.         43.39060181]
 [ 1.         60.39634246]
 [ 1.         49.80453881]
 [ 1.         59.80895099]
 [ 1.         68.86157272]
 [ 1.         95.59854761]
 [ 1.         69.82457123]
 [ 1.         78.45356225]
 [ 1.         85.75993667]
 [ 1.         47.02051395]
 [ 1.         39.26147251]
 [ 1.         49.59297387]
 [ 1.         66.45008615]
 [ 1.         41.09209808]
 [ 1.         97.53518549]
 [ 1.         51.88321182]
 [ 1.         92.11606081]
 [ 1.         60.99139403]
 [ 1.         43.30717306]
 [ 1.         78.03168802]
 [ 1.         96.22759297]
 [ 1.         73.0949981 ]
 [ 1.         75.85844831]
 [ 1.         72.36925193]
 [ 1.         88.475865  ]
 [ 1.         75.80985953]
 [ 1.         42.50840944]
 [ 1.         42.71987854]
 [ 1.         69.8037889 ]
 [ 1.         45.6943068 ]
 [ 1.         66.58935318]
 [ 1.         59.51428198]
 [ 1.         90.9601479 ]
 [ 1.         85.5943071 ]
 [ 1.         78.844786  ]
 [ 1.         90.424539  ]
 [ 1.         96.64742717]
 [ 1.         60.76950526]
 [ 1.         77.15910509]
 [ 1.         87.50879176]
 [ 1.         35.57070347]
 [ 1.         84.84513685]
 [ 1.         45.35828361]
 [ 1.         48.3802858 ]
 [ 1.         87.10385094]
 [ 1.         68.77540947]
 [ 1.         64.93193801]
 [ 1.         89.5298129 ]]
[[0]
 [0]
 [0]
 [1]
 [1]
 [0]
 [1]
 [1]
 [1]
 [1]
 [0]
 [0]
 [1]
 [1]
 [0]
 [1]
 [1]
 [0]
 [1]
 [1]
 [0]
 [1]
 [0]
 [0]
 [1]
 [1]
 [1]
 [0]
 [0]
 [0]
 [1]
 [1]
 [0]
 [1]
 [0]
 [0]
 [0]
 [1]
 [0]
 [0]
 [1]
 [0]
 [1]
 [0]
 [0]
 [0]
 [1]
 [1]
 [1]
 [1]
 [1]
 [1]
 [1]
 [0]
 [0]
 [0]
 [1]
 [0]
 [1]
 [1]
 [1]
 [0]
 [0]
 [0]
 [0]
 [0]
 [1]
 [0]
 [1]
 [1]
 [0]
 [1]
 [1]
 [1]
 [1]
 [1]
 [1]
 [1]
 [0]
 [0]
 [1]
 [1]
 [1]
 [1]
 [1]
 [1]
 [0]
 [1]
 [1]
 [0]
 [1]
 [1]
 [0]
 [1]
 [1]
 [1]
 [1]
 [1]
 [1]
 [1]]
[[0. 0.]]
